Easy0([[0, 0, 0, 0, 0, 0, 0, 0, 0],
       [0, 0, 0, 0, 0, 0, 0, 0, 0],
       [0, 0, 0, 0, 0, 0, 0, 0, 0],
       [0, 0, 0, 0, 0, 0, 0, 0, 0],
       [0, 0, 0, 0, 0, 0, 0, 0, 0],
       [0, 0, 0, 0, 0, 0, 0, 0, 0],
       [0, 0, 0, 0, 0, 0, 0, 0, 0],
       [0, 0, 0, 0, 0, 0, 0, 0, 0],
       [0, 0, 0, 0, 0, 0, 0, 0, 0]])
Easy1([[7, 9, 0, 0, 0, 0, 3, 0, 0],
       [0, 0, 0, 0, 0, 6, 9, 0, 0],
       [8, 0, 0, 0, 3, 0, 0, 7, 6],
       [0, 0, 0, 0, 0, 5, 0, 0, 2],
       [0, 0, 5, 4, 1, 8, 7, 0, 0],
       [4, 0, 0, 7, 0, 0, 0, 0, 0],
       [6, 1, 0, 0, 9, 0, 0, 0, 8],
       [0, 0, 2, 3, 0, 0, 0, 0, 0],
       [0, 0, 9, 0, 0, 0, 0, 5, 4]])
Easy2([[2, 0, 4, 1, 0, 0, 0, 0, 0],
       [0, 0, 0, 5, 0, 3, 6, 0, 7],
       [0, 0, 0, 9, 0, 0, 4, 0, 0],
       [9, 0, 0, 4, 0, 0, 0, 1, 0],
       [6, 5, 0, 0, 1, 0, 0, 7, 4],
       [0, 2, 0, 0, 0, 8, 0, 0, 9],
       [0, 0, 9, 0, 0, 5, 0, 0, 0],
       [5, 0, 2, 3, 0, 1, 0, 0, 0],
       [0, 0, 0, 0, 0, 4, 1, 0, 2]])
Medium1([[0, 0, 5, 8, 0, 0, 4, 0, 6],
         [0, 0, 0, 7, 9, 0, 0, 0, 0],
         [3, 0, 7, 0, 0, 0, 0, 0, 0],
         [0, 0, 0, 0, 5, 4, 0, 0, 0],
         [0, 0, 0, 0, 0, 0, 8, 1, 4],
         [0, 0, 1, 0, 6, 0, 9, 0, 0],
         [1, 0, 0, 6, 0, 0, 0, 0, 2],
         [5, 9, 0, 0, 0, 0, 0, 0, 0],
         [0, 0, 0, 0, 0, 0, 7, 8, 1]])
Medium2([[4, 0, 0, 0, 2, 0, 0, 7, 9],
         [0, 6, 0, 4, 0, 0, 8, 3, 5],
         [0, 0, 0, 7, 6, 0, 0, 0, 0],
         [6, 0, 0, 0, 0, 0, 0, 4, 8],
         [0, 0, 4, 0, 0, 0, 1, 0, 0],
         [3, 1, 0, 0, 0, 0, 0, 0, 2],
         [0, 0, 0, 0, 9, 1, 0, 0, 0],
         [5, 9, 6, 0, 0, 8, 0, 2, 0],
         [1, 3, 0, 0, 4, 0, 0, 0, 6]])